GCA 0  1.027697823696392E-001  1.013124985048933E-001  1.014128651009656E-001  1.026550372943191E-001  7.988036507462405E+000  7.988036507462405E+000  8.218187470249715E-001  8.065923141069562E-001  1.251872095308781E-001 -2.946822836854124E-002  6.936056131982227E-003
TCC 0  2.635122624862543E-004  2.743664184677910E-004  2.553066953457078E-004  2.632195730542596E-004  3.115334174509364E+003  3.115334174509364E+003  8.218187470249715E-001  8.065923141069562E-001  3.209928514835782E-004 -7.555784595109712E-005  1.778456752177856E-005
ACC 0  7.641855612101373E-003  7.805322509184996E-003  7.544186168245092E-003  7.630091427042457E-003  1.074708164434067E+002  1.074708164434067E+002  8.218187470249715E-001  8.065923141069562E-001  9.304851615476397E-003 -2.190300729345653E-003  5.155405409117131E-004
GAT 0  1.317561312431271E-003  1.295445029243304E-003  1.298234446731658E-003  1.314975579589303E-003  6.235950531610547E+002  6.235950531610547E+002  8.218187470249715E-001  8.065923141069562E-001  1.603604767117567E-003 -3.774775901335316E-004  8.884840260526758E-005
TTC 0  3.228025215456615E-002  3.192537745253894E-002  3.151837932831337E-002  3.215635321900436E-002  2.550091253207128E+001  2.550091253207128E+001  8.218187470249715E-001  8.065923141069562E-001  3.921428296898582E-002 -9.230562968453399E-003  2.172633218471942E-003
TCC -1  2.635122624862543E-004  3.742520262637271E-004  2.462371578174277E-004  2.452300755729656E-004  3.122167811436718E+003  3.344340873853890E+003  8.218187470249715E-001  8.065923141069562E-001  2.990125820660256E-004 -7.033802670484827E-005  1.655552021178827E-005
AAG 0  2.424312814873539E-002  2.434831846174773E-002  2.390265567478025E-002  2.421624326351140E-002  3.386203722754567E+001  3.386203722754567E+001  8.218187470249715E-001  8.065923141069562E-001  2.953159590724602E-002 -6.951571535072087E-003  1.636218891337471E-003
ATT 0  3.293903281078178E-003  3.365397986628685E-003  3.288878133189284E-003  3.271941137239953E-003  2.506312518532782E+002  2.506312518532782E+002  8.217365733676347E-001  8.065923141069562E-001  3.989925408765101E-003 -9.389982680724149E-004  2.210139965472674E-004
GAA -1  2.503366493619416E-003  2.852496835419120E-003  9.130169114138931E-003  9.285295020118420E-003  3.319773495935590E+002  8.834215292364537E+001  8.217365733676347E-001  8.065923141069562E-001  1.131962451565229E-002 -2.660469789143229E-003  6.261402936093563E-004
ACT 1  4.611464593509450E-003  4.853080445153942E-003  1.191186813130445E-002  1.199128764333356E-002  1.781621719928793E+002  6.838408208835483E+001  8.217365733676347E-001  8.065923141069562E-001  1.462328614293546E-002 -3.442202812121140E-003  8.102043125192415E-004
TTG -1  1.317561312431271E-004  3.494244688552664E-004  3.829014528872064E-004  3.049017942966809E-004  6.259397771270440E+003  2.692003017115975E+003  8.217365733676347E-001  8.065923141069562E-001  3.714706089264828E-004 -8.705226692083288E-005  2.048345229103098E-005
AAA -1  1.317561312431271E-004  7.829512592978960E-004  6.171792099505403E-004  4.396221523555895E-004  6.263809211678865E+003  1.867196157994630E+003  8.217365733676347E-001  8.065923141069562E-001  5.355623701978911E-004 -1.254601778663119E-004  2.951996002401036E-005
CAA -1  5.270245249725086E-004  6.914950653741212E-004  7.144002628536046E-004  6.802534077218665E-004  1.566424269278358E+003  1.206974835228797E+003  8.217365733676347E-001  8.065923141069562E-001  8.285176880348446E-004 -1.938787776203290E-004  4.561449730735093E-005
TTA 1  9.222929187018900E-004  1.004261959329415E-003  7.192327740960179E-004  7.067720950138089E-004  8.900905851223949E+002  1.160223039002115E+003  8.217365733676347E-001  8.065923141069562E-001  8.619032430696085E-004 -2.028852130922763E-004  4.775406503647675E-005
AAC 1  2.766878756105670E-003  2.924384870318862E-003  3.559992340332746E-003  3.576570093672442E-003  2.966967503945077E+002  2.292733628935535E+002  8.217365733676347E-001  8.065923141069562E-001  4.361605671847182E-003 -1.026695460670503E-003  2.416598824957622E-004
GCT -1  2.239854231133161E-003  3.196852063268551E-003  3.197396368239751E-003  2.934380566360993E-003  3.665076410244396E+002  2.794508515121349E+002  8.217365733676347E-001  8.065923141069562E-001  3.578446780852181E-003 -8.423462451464039E-004  1.982800306552165E-004
TCT -1  1.317561312431271E-004  9.094378187811724E-004  3.594007023927671E-004  8.403077345546498E-005  6.230629897415473E+003  9.762855962022069E+003  8.217365733676347E-001  8.065923141069562E-001  1.024290437029946E-004 -2.411120778160318E-005  5.712937534073544E-006
TTG 1  5.665513643454467E-003  5.983860278869879E-003  6.466012946943595E-003  6.426002603569410E-003  1.448982570019114E+002  1.276139207481577E+002  8.217365733676347E-001  8.065923141069562E-001  7.836135698498524E-003 -1.844582350527826E-003  4.344492555987123E-004
GCT -1  1.212156407436770E-002  1.377609485140034E-002  1.337646736061912E-002  1.242586405455378E-002  6.772407323808993E+001  6.599239190599756E+001  8.217365733676347E-001  8.065923141069562E-001  1.515326193092749E-002 -3.566992789558063E-003  8.395949131843605E-004
GAC -1  9.222929187018900E-004  2.315504215617921E-003  1.651942416201256E-003  1.026077500484070E-003  8.900877238213377E+002  7.997249588643482E+002  8.217365733676347E-001  8.065923141069562E-001  1.250429899574540E-003 -2.943441785108235E-004  6.999177942035306E-005
AAG -1  4.611464593509450E-003  5.999026433804377E-003  6.020485129337109E-003  5.392724354056336E-003  1.780174366806459E+002  1.527361868894186E+002  8.217365733676347E-001  8.065923141069562E-001  6.547236908068176E-003 -1.541182813852286E-003  3.866702598404465E-004
TCA -1  5.270245249725085E-003  8.903319765376788E-003  5.655443358417494E-003  4.288383808825799E-003  1.580290623389707E+002  1.988576779388593E+002  8.217365733676347E-001  8.065923141069562E-001  5.028722100976457E-003 -1.183624413940570E-003  4.432861217899126E-004
TAC 1  5.533757512211340E-003  6.264597673990558E-003  4.690016723645915E-003  4.540352704499021E-003  1.496498015063476E+002  1.819752469614457E+002  8.217365733676347E-001  8.065923141069562E-001  5.495252880255002E-003 -1.293254636865339E-003  3.383544611093581E-004
ATT -1  1.317561312431271E-004  6.196764062621003E-004  3.097111833777816E-004  9.543958319543492E-005  6.290924334200267E+003  1.081670004201802E+004  8.217365733676347E-001  8.065923141069562E-001  9.244963770054170E-005 -2.056519526085431E-005  2.355514075574753E-005
GAA -1  1.317561312431271E-004  1.457006882943972E-003  7.393609438789551E-004  2.046207906935707E-004  6.311503879839574E+003  5.223309043249058E+003  8.217365733676347E-001  8.065923141069562E-001  1.914495182498276E-004 -3.849580500093997E-005  5.166707744468308E-005
GGT -1  1.317561312431271E-004  6.051854447834380E-003  2.523598187378355E-003  2.826698655490523E-004  6.376812635093567E+003  1.002873191250813E+004  8.217365733676347E-001  8.065923141069562E-001  9.971350403262553E-005 -1.550151067400028E-006  1.845065125838268E-004
ACT -1  1.317561312431271E-004  4.771859438227813E-003  2.082757424065153E-003  7.515651653209279E-004  6.379421699266127E+003  5.566391850135639E+003  8.217365733676347E-001  8.065923141069562E-001  1.796495875466677E-004  1.992233355001044E-006  5.699233444192591E-004
GCT 1  1.317561312431271E-004  2.570157666811136E-003  1.179307637610208E-003  5.225884642844470E-004  6.384974933242340E+003  1.491859911451575E+004  8.217365733676347E-001  8.065923141069562E-001  6.703042238242083E-005  1.363524339540290E-004  3.192056079479972E-004
GTT -1  1.317561312431271E-004  1.031666850300693E-002  5.227220214038585E-003  2.062979278206122E-003  6.371477600966949E+003  3.860988777256123E+003  8.217365733676347E-001  8.065923141069562E-001  2.590010118368350E-004 -3.515187120800112E-005  1.839130137577288E-003
TCT -1  1.317561312431271E-004  9.480578328711027E-003  5.058449104621706E-003  3.035801733434347E-003  6.496709124574801E+003  3.305832243292557E+003  8.217365733676347E-001  8.065923141069562E-001  3.024956883486670E-004  3.097386012171604E-004  2.423567443868519E-003
CAA 1  1.317561312431271E-004  9.964351404917270E-003  6.209753327738805E-003  4.335774205050697E-003  6.643573344670228E+003  7.386721505997011E+003  8.217365733676347E-001  8.065923141069562E-001  1.353780563120102E-004  2.502951606913293E-003  1.697444541825395E-003
GCT -1  1.436141830550086E-002  3.220444047096646E-002  1.764004115241403E-002  1.433844883953648E-002  6.260528773920831E+001  1.295148033686211E+002  8.217365733676347E-001  8.065923141069562E-001  7.721125106863886E-003  5.179635430907430E-003  1.437688301765161E-003
GAC 1  8.695904662046391E-003  1.097070895023532E-002  8.460773758048185E-003  7.605817183329333E-003  9.611281153233075E+001  1.260500183112116E+002  8.217365733676347E-001  8.065923141069562E-001  7.933358625391443E-003 -8.737884992149753E-004  5.462470571528655E-004
GTC 1  9.486441449505154E-003  1.040147154233648E-002  9.190714231856004E-003  8.984758215907097E-003  8.672776139050636E+001  9.179993911606483E+001  8.217365733676347E-001  8.065923141069562E-001  1.089325341202761E-002 -2.556617864600423E-003  6.481226684799113E-004
ACT 1  1.251683246809708E-002  1.558504684411664E-002  1.375755879956347E-002  1.278507010256315E-002  6.667710917639791E+001  6.774892795480224E+001  8.217365733676347E-001  8.065923141069562E-001  1.476038116303680E-002 -3.363927816291842E-003  1.388616755818195E-003
GTC 1  2.200327391760223E-002  3.990059012887825E-002  2.587930820433444E-002  2.264232997425928E-002  4.031987844138687E+001  5.745529019931580E+001  8.217365733676347E-001  8.065923141069562E-001  1.740483768389196E-002 -1.132767687450548E-003  6.370259977817871E-003
TTC 1  2.187151778635911E-002  3.253439178891167E-002  2.292735253561827E-002  2.200722424329583E-002  4.056697089095297E+001  5.891389636854680E+001  8.217365733676347E-001  8.066729733383670E-001  1.697392400842604E-002  3.614891789660221E-003  1.418408445209574E-003
AAG 1  2.213503004884536E-002  2.343572561766112E-002  2.164022465195130E-002  2.176309044788826E-002  3.792681745098215E+001  4.033684492550287E+001  8.217365733676347E-001  8.066729733383670E-001  2.479122999944283E-002 -4.450728597354237E-003  1.422589045799671E-003
GCT 1  1.976341968646907E-002  4.417429358210615E-002  2.509975243852737E-002  2.348422231276915E-002  4.781713529455021E+001  2.571254424944545E+002  8.217365733676347E-001  8.066729733383670E-001  3.889152276409080E-003  1.557664684549799E-002  4.018423190862083E-003
TTC 1  3.570591156688745E-002  4.639461854325701E-002  3.669889276289613E-002  3.575043546519652E-002  2.492024734744233E+001  3.532811405246148E+001  8.217365733676347E-001  8.066729733383670E-001  2.830606803734334E-002  6.358283654624791E-003  1.086083773228386E-003
CAA 0  5.191191570979209E-002  5.231692250386470E-002  5.163951851020557E-002  5.174520272065804E-002  1.596322159016480E+001  1.596322159016480E+001  8.217365733676347E-001  8.066729733383670E-001  6.264399666143307E-002 -1.432758290622688E-002  3.428788965451846E-003
TCT 1  6.930372503388486E-002  7.497652478234028E-002  6.828471366021370E-002  6.976025662663791E-002  1.200148972156199E+001  1.274758789496192E+001  8.217365733676347E-001  8.066729733383670E-001  7.844621337305845E-002 -1.846334597407567E-002  9.777389227655142E-003
GCT 1  1.317561312431271E-002  1.541473490991015E-002  1.395676268287675E-002  1.337979194200829E-002  6.451506568782423E+001  6.609761838644822E+001  8.217365733676347E-001  8.066729733383670E-001  1.512913815068754E-002 -3.512508057876368E-003  1.763161849197115E-003
TAC 1  1.712829706160653E-003  4.539229463698196E-003  2.951432137711565E-003  3.019517910367363E-003  4.995514271764619E+002  1.013366772311711E+003  8.217365733676347E-001  8.066729733383670E-001  9.868095415431685E-004  1.206997526411908E-004  1.912008616183004E-003
CCA 1  1.225332020561082E-002  1.832030019139537E-002  1.121047590728746E-002  1.140568670570196E-002  7.168594356740053E+001  1.493829466005849E+002  8.217365733676347E-001  8.065923141069562E-001  6.694204544470301E-003  1.805757687815802E-003  2.905724473415860E-003
GAA 1  5.625986804081529E-002  7.208794336736223E-002  5.670195716423823E-002  5.738896466465248E-002  1.686449016851677E+001  2.366988689055242E+001  8.218187470249715E-001  8.065923141069562E-001  4.224777264986167E-002  9.370658427925505E-003  5.770533586865301E-003
TTC 0  5.375650154719588E-002  5.396162626280040E-002  5.236228338154430E-002  5.390820670761981E-002  1.528789601111637E+001  1.528789601111637E+001  8.218187470249715E-001  8.065923141069562E-001  6.541122462324866E-002 -1.539680173522401E-002  3.893783819595154E-003
TCC 0  1.528371122420275E-002  1.541395536175523E-002  1.557551393580718E-002  1.575697481141100E-002  5.376975643947212E+001  5.376975643947212E+001  8.218187470249715E-001  8.065923141069562E-001  1.859781531883423E-002 -4.377792720845319E-003  1.536952213422094E-003
AGA 0  9.077997442651459E-002  9.476895736196912E-002  9.240742207594907E-002  9.362537164547240E-002  1.035623078963809E+001  1.035623078963809E+001  8.218187470249715E-001  8.065923141069562E-001  9.656022739475338E-002 -7.853052510489622E-003  4.918196761208637E-003
TGG 0  4.927679308492955E-002  5.008510718522899E-002  4.814780525031433E-002  4.899313043739804E-002  1.752002900480246E+001  1.752002900480246E+001  8.218187470249715E-001  8.065923141069562E-001  5.707753107748208E-002 -1.103644237272067E-002  2.952041732636634E-003
TTC 1  6.060782037183848E-003  6.431367063029449E-003  6.594718615030946E-003  6.803265454640118E-003  1.365267469432382E+002  1.272150636676268E+002  8.218187470249715E-001  8.065923141069562E-001  7.860704315745875E-003 -1.838613631589013E-003  7.811747704832561E-004
AAC 1  9.222929187018900E-003  2.709082338095339E-002  1.916940092642466E-002  1.975563649054466E-002  1.069847316478625E+002  6.349613758982631E+002  8.217365733676347E-001  8.065923141069562E-001  1.574898943396874E-003  1.948164018515447E-002 -1.300902638006682E-003
CAC 1  2.424312814873539E-002  3.253647251182984E-002  2.068783624725208E-002  2.332158205166723E-002  3.625043827024302E+001  7.353576493164555E+001  8.217365733676347E-001  8.065923141069562E-001  1.359882501976474E-002  3.673094159996018E-003  6.049662871906475E-003
ATC 1  2.780054369229983E-002  3.192676323113283E-002  2.721237809343324E-002  2.839506388800613E-002  3.139243062173876E+001  3.890932625745181E+001  8.217365733676347E-001  8.065923141069562E-001  2.570077912383494E-002  1.579420081801147E-003  1.114864682370043E-003
GCT 0  4.374303557271821E-002  4.423305308624938E-002  4.380348525662935E-002  4.527372677335811E-002  1.945178836283395E+001  1.945178836283395E+001  8.217365733676347E-001  8.065923141069562E-001  5.140915484720548E-002 -9.208682477048091E-003  3.073254403200720E-003
TCC 0  9.170226734521648E-002  9.098952287078541E-002  9.000139377360530E-002  9.198680292164847E-002  9.666856006403247E+000  9.666856006403247E+000  8.217365733676347E-001  8.065116548755455E-001  1.034462496738969E-001 -1.608348284827299E-002  4.624036096024575E-003
AAG 1  7.905367874587628E-004  2.178640616749798E-003  1.613909179762389E-003  1.811668998538130E-003  1.088493661996924E+003  2.634608688638439E+003  8.217365733676347E-001  8.065116548755455E-001  3.795630084696936E-004  1.685976600463452E-003 -2.538706103950156E-004
GCC 1  7.905367874587628E-004  5.075357401864203E-003  5.068298732616019E-003  5.041319359116473E-003  1.108927664245160E+003  1.542093553097974E+003  8.217365733676347E-001  8.065116548755455E-001  6.484690880077019E-004  5.327896710415038E-003 -9.350464393062669E-004
GAT 0  9.473265836380840E-002  9.423071860779025E-002  9.200233644488048E-002  9.458245143912121E-002  8.852516165808893E+000  8.852516165808893E+000  8.218187470249715E-001  8.065116548755455E-001  1.129622337050684E-001 -2.418895235200769E-002  5.809170086060522E-003
GAA 0  3.452010638569931E-002  3.478888750314260E-002  3.403928106469962E-002  3.435025047089921E-002  2.388268443300436E+001  2.388268443300436E+001  8.218187470249715E-001  8.065116548755455E-001  4.187133999970553E-002 -9.846535084119090E-003  2.325445555312777E-003
TTC 1  5.402001380968212E-003  8.703110094294690E-003  6.135866820651653E-003  5.993726795759617E-003  1.659758413548514E+002  2.952415195338837E+002  8.218187470249715E-001  8.065116548755455E-001  3.387057489674090E-003  3.412616981086285E-003 -8.059476750007580E-004
GAC 0  1.137055412628187E-001  1.110934494874046E-001  1.089857605977851E-001  1.115235050007923E-001  7.771872973412710E+000  7.771872973412710E+000  8.218187470249715E-001  8.065116548755455E-001  1.286691127635466E-001 -2.214000272124683E-002  4.994394958492521E-003
TCT 1  3.873630258547938E-002  4.552885629996366E-002  4.148651944902108E-002  4.072124298363054E-002  2.470388453285634E+001  2.782695399867400E+001  8.218187470249715E-001  8.065116548755455E-001  3.593638024656424E-002  8.517643648231987E-003 -3.732780911165690E-003
TTC 0  3.425659412321305E-002  3.416671248692780E-002  3.330820847150134E-002  3.406030953755218E-002  2.453541111798057E+001  2.453541111798057E+001  8.218187470249715E-001  8.065116548755455E-001  4.075741772540173E-002 -8.629551403039698E-003  1.932443215190149E-003
CCA 0  2.068571260517096E-002  2.096567997850378E-002  2.097029848147161E-002  2.096897451707352E-002  4.139150006575119E+001  4.139150006575119E+001  8.218187470249715E-001  8.065116548755455E-001  2.415954962761632E-002 -3.924184451641582E-003  7.336093410987843E-004
GCT 0  4.861801242871391E-002  4.863589429731625E-002  4.678755281051943E-002  4.796399754252292E-002  1.720488400518535E+001  1.720488400518535E+001  8.218187470249715E-001  8.065116548755455E-001  5.812303062889653E-002 -1.322167268406810E-002  3.062639597694483E-003
GCC 0  2.806405595478608E-002  2.769638548635675E-002  2.718574324522253E-002  2.763542744312032E-002  2.982783382587502E+001  2.982783382587502E+001  8.218187470249715E-001  8.065116548755455E-001  3.352573324089398E-002 -7.696081119621667E-003  1.805775321848002E-003
TCT 0  3.702347287931872E-002  3.602781819911165E-002  3.609209765945077E-002  3.622243266692431E-002  2.278919289744712E+001  2.278919289744712E+001  8.218187470249715E-001  8.065116548755455E-001  4.388044826774105E-002 -9.983496523155833E-003  2.325480922339085E-003
GCT 0  1.357088151804210E-002  1.360914023132515E-002  1.314562577396810E-002  1.343289637465015E-002  6.116020620144801E+001  6.116020620144801E+001  8.218187470249715E-001  8.065116548755455E-001  1.635050079305201E-002 -3.811378139358584E-003  8.937737209567254E-004
GCC 1  2.898634887348797E-003  3.846808264611805E-003  3.141844668541797E-003  3.196587281457480E-003  2.935984748009876E+002  3.711525950726940E+002  8.218187470249715E-001  8.065116548755455E-001  2.694309600082791E-003 -3.630973149741073E-004  8.653749963487972E-004
GCT 0  5.599635577832903E-002  5.634876281963203E-002  5.456569890580498E-002  5.560800091698845E-002  1.478393738225202E+001  1.478393738225202E+001  8.218187470249715E-001  8.065116548755455E-001  6.764097913459041E-002 -1.584884865911829E-002  3.815870441516322E-003
GCC 0  5.125313505357645E-002  5.129825764071975E-002  4.947762366856961E-002  5.082862202585856E-002  1.614128827609862E+001  1.614128827609862E+001  8.218187470249715E-001  8.065116548755455E-001  6.195292363873831E-002 -1.457386019236445E-002  3.449558579484702E-003
GAA 0  1.006616842697491E-001  9.884182599621227E-002  9.750601330716853E-002  9.834283103600748E-002  8.344064948618049E+000  8.344064948618049E+000  8.218187470249715E-001  8.065116548755455E-001  1.198456634935016E-001 -2.814137869805677E-002  6.638546240562704E-003
GAA 0  1.502019896171649E-002  1.470472533613887E-002  1.423993938971936E-002  1.466404542051378E-002  5.607586773976244E+001  5.607586773976244E+001  8.218187470249715E-001  8.065116548755455E-001  1.783298306930910E-002 -4.151524370481482E-003  9.825867216861628E-004
GAA 0  2.674649464235481E-002  2.666371892998697E-002  2.590295352629027E-002  2.639983433904016E-002  3.108474709172476E+001  3.108474709172476E+001  8.218187470249715E-001  8.065116548755455E-001  3.217011858096202E-002 -7.549699445155850E-003  1.779415203233992E-003
GAA 0  1.251683246809708E-002  1.249410824971597E-002  1.215264274206771E-002  1.225895575781768E-002  6.712205209328832E+001  6.712205209328832E+001  8.218187470249715E-001  8.065116548755455E-001  1.489823342424288E-002 -3.456556280081471E-003  8.172786136562693E-004
GAT 0  1.330736925555584E-002  1.313930527916713E-002  1.295499814216056E-002  1.303333216590132E-002  6.501574843721839E+001  6.501574843721839E+001  8.218187470249715E-001  8.065116548755455E-001  1.538088884673283E-002 -3.071810207583556E-003  7.242535267520389E-004
GAC 0  1.923639516149656E-002  1.950661436457756E-002  1.887359769531282E-002  1.891223374328341E-002  4.407639181482637E+001  4.407639181482637E+001  8.218187470249715E-001  8.065116548755455E-001  2.268788253360660E-002 -4.931457667523648E-003  1.155808877200459E-003
GAT 0  7.773611743344500E-003  7.935485792008411E-003  7.673211987510957E-003  7.722561944233389E-003  1.064974090011065E+002  1.064974090011065E+002  8.218187470249715E-001  8.065116548755455E-001  9.389899804882675E-003 -2.180073433816952E-003  5.127355731676664E-004
GTC 1  2.477015267370790E-002  2.816956714806222E-002  2.556394144802389E-002  2.482747226052457E-002  3.757372364414525E+001  4.182047622070516E+001  8.218187470249715E-001  8.065116548755455E-001  2.391173153367641E-002  2.322731713994247E-003 -1.406990987146084E-003
GAT 1  6.192538168426976E-003  6.744041167468321E-003  6.271877395889676E-003  6.028808727457252E-003  1.354744230119953E+002  1.465093139929097E+002  8.218187470249715E-001  8.065116548755455E-001  6.825504623196824E-003 -9.470806623300340E-004  1.503847665904612E-004
TTA 1  6.060782037183848E-003  6.821513270839874E-003  6.161422326992993E-003  5.768506847418624E-003  1.378290491087612E+002  1.530943653799559E+002  8.218187470249715E-001  8.065116548755455E-001  6.531919039072134E-003 -9.064245908768295E-004  1.430123992233190E-004
TTC 0  1.976341968646907E-002  1.965937455815862E-002  1.927257047994387E-002  1.969198485728964E-002  4.173215071134371E+001  4.173215071134371E+001  8.218187470249715E-001  8.065116548755455E-001  2.396234037677282E-002 -5.575376942652976E-003  1.305021423169794E-003
GGT 0  2.200327391760223E-002  2.230808518813029E-002  2.179776762952020E-002  2.191616717922571E-002  3.742740429040428E+001  3.742740429040428E+001  8.218187470249715E-001  8.065116548755455E-001  2.671839041363555E-002 -6.278968786179923E-003  1.476745551770076E-003
TCC 1  1.106751502442268E-002  1.190960500776280E-002  1.320557052373604E-002  1.271446716840485E-002  7.483140379093835E+001  6.460066095828034E+001  8.218187470249715E-001  8.065116548755455E-001  1.547971777944824E-002 -3.611771582903836E-003  8.465209718604427E-004
GAC 1  2.002693194895533E-002  2.107266262457303E-002  2.078874279429473E-002  2.024749875751258E-002  4.106848787841313E+001  4.050410525258760E+001  8.218187470249715E-001  8.065116548755455E-001  2.468885545709259E-002 -5.810157616074785E-003  1.368800916494772E-003
GAT 0  4.427006009769072E-002  4.392890113323714E-002  4.411205742155532E-002  4.415103893557581E-002  1.857367546900024E+001  1.857367546900024E+001  8.218187470249715E-001  8.065116548755455E-001  5.383963996081530E-002 -1.267331531381188E-002  2.984714288572388E-003
GAA 0  2.674649464235481E-002  2.664597430856900E-002  2.664974340621680E-002  2.660040507460432E-002  3.082724190709560E+001  3.082724190709560E+001  8.218187470249715E-001  8.065116548755455E-001  3.243884104240369E-002 -7.635861017179113E-003  1.797425049379742E-003
GAA 1  6.983074955885738E-003  7.664976281907234E-003  6.702965520229267E-003  6.359094043845162E-003  1.179989031069083E+002  1.290477509330105E+002  8.218187470249715E-001  8.065116548755455E-001  7.749069571302380E-003 -1.824068239177870E-003  4.340927117206517E-004
GCT 0  9.881709843234535E-002  1.011825635639639E-001  9.687938807005195E-002  9.847052267084326E-002  8.329523966436005E+000  8.329523966436005E+000  8.217365733676347E-001  8.065116548755455E-001  1.200548799702746E-001 -2.826024140877614E-002  6.675884109344832E-003
GAC 0  1.607424801166151E-002  1.648639512278875E-002  1.608393549089625E-002  1.574129012931076E-002  5.214266296487060E+001  5.214266296487060E+001  8.217365733676347E-001  8.065116548755455E-001  1.917815361048432E-002 -4.510747018450445E-003  1.073883537276887E-003
GCT 1  1.278034473058333E-002  1.423166375495655E-002  1.384187947903822E-002  1.324302019201859E-002  6.427777326543804E+001  6.192101400940552E+001  8.217365733676347E-001  8.065116548755455E-001  1.614960633312795E-002 -3.801517698324181E-003  8.949315572148175E-004
GAA 1  3.557415543564433E-003  3.751442946833385E-003  3.095963889278527E-003  3.117103496875229E-003  2.313376092804309E+002  2.630752333671468E+002  8.217365733676347E-001  8.065116548755455E-001  3.801194005231209E-003 -8.947740748474486E-004  2.106835664914680E-004
GCT -1  2.503366493619416E-003  3.381659242966388E-003  3.017026334502639E-003  2.578237079591830E-003  3.301096851859881E+002  3.181031661379194E+002  8.217365733676347E-001  8.065116548755455E-001  3.143634224522091E-003 -7.398376310553921E-004  1.744404861251311E-004
GAA -1  6.851318824642611E-003  1.025452467252913E-002  8.851309110639440E-003  7.074563411994191E-003  1.214071192218968E+002  1.159666634361227E+002  8.217365733676347E-001  8.065116548755455E-001  8.623167817109995E-003 -2.027738024120533E-003  4.791336190047291E-004
AAG -1  1.581073574917526E-003  4.730931058902124E-003  4.007691786877546E-003  2.008518924355234E-003  5.426402702690895E+002  4.342174785366090E+002  8.217365733676347E-001  8.065116548755455E-001  2.302993429398973E-003 -3.934057968849186E-004  9.893129184117971E-005
TTG -1  1.449317443674399E-003  3.150339740138621E-003  2.931604550097329E-003  1.970058861611976E-003  5.850410379278973E+002  4.581799664748060E+002  8.217365733676347E-001  8.065116548755455E-001  2.182548503143659E-003 -2.753725202244896E-004  6.288287869280623E-005
AAG -1  3.820927806050687E-003  6.330209115163868E-003  4.528704991118643E-003  2.564674042378810E-003  2.174517169942017E+002  3.272940050905544E+002  8.217365733676347E-001  8.065116548755455E-001  3.055356909831953E-003 -6.401121157407069E-004  1.494292482875637E-004
GCT -1  3.293903281078178E-003  7.460247634235593E-003  5.770499324098407E-003  3.351650824785490E-003  2.614010723680271E+002  3.041393479002167E+002  8.217365733676347E-001  8.065116548755455E-001  3.287966541994705E-003  1.582395531917538E-004 -9.455527040096862E-005
GAA -1  2.635122624862543E-003  7.883418966406363E-003  5.414201930033751E-003  2.982995639571098E-003  3.307720951405503E+002  5.690380279511467E+002  8.217365733676347E-001  8.065116548755455E-001  1.757351795275539E-003  1.882225130255065E-003 -6.565812859595059E-004
AGA -1  1.989517581771220E-002  2.687198974414267E-002  2.303974459435551E-002  1.972398703024007E-002  4.293125385267567E+001  4.439758000743726E+001  8.217365733676347E-001  8.065923141069562E-001  2.252375016459197E-002 -3.412418337270268E-003  6.126552029183663E-004
ATT -1  7.905367874587628E-004  7.019721315512902E-003  4.586386592094770E-003  9.156369947544121E-004  1.053306106781401E+003  9.720434860110287E+002  8.217365733676347E-001  8.065923141069562E-001  1.028760558957806E-003 -1.329954893798512E-004  1.987192517645744E-005
GCC -1  2.503366493619416E-003  3.487957694690730E-003  2.270404648341108E-003  1.713950202341947E-003  3.300913799392281E+002  4.999518609524664E+002  8.217365733676347E-001  8.065923141069562E-001  2.000192574730863E-003 -3.589387824124764E-004  7.269641002356081E-005
GCA -1  6.456050430913229E-003  1.066304384080810E-002  8.335796588112432E-003  6.073837719947220E-003  1.275972025071676E+002  1.353189762938885E+002  8.217365733676347E-001  8.065923141069562E-001  7.389946535127341E-003 -1.720005590356448E-003  4.038967751763267E-004
TAC -1  1.264858859934020E-002  2.415423289401164E-002  2.114745590545686E-002  1.318023179739575E-002  6.498142797447129E+001  6.399231073580575E+001  8.217365733676347E-001  8.065923141069562E-001  1.562687748733643E-002 -3.678258909460094E-003  1.231613219519423E-003
AAC -1  4.097615681661254E-002  4.815648008408911E-002  4.424317867979669E-002  4.095065064494513E-002  2.019055999618037E+001  2.021677130102096E+001  8.217365733676347E-001  8.065923141069562E-001  4.946388249193379E-002 -1.164285727047903E-002  3.129625423490379E-003
GCT 0  2.898634887348797E-002  3.042822637561548E-002  2.964131374927946E-002  2.899541625991917E-002  2.841056599291920E+001  2.841056599291920E+001  8.217365733676347E-001  8.065923141069562E-001  3.519817240702742E-002 -8.285386471714118E-003  2.082630324605872E-003
AAG -1  1.067224663069330E-002  1.748124405785400E-002  1.421194245207860E-002  1.018159625543666E-002  7.709017293157225E+001  8.935110776110994E+001  8.217365733676347E-001  8.065923141069562E-001  1.119180304595227E-002 -2.634487175710354E-003  1.624280385194743E-003
AAG 1  4.084440068536941E-002  4.616606988092280E-002  4.311279746443369E-002  4.101264437104328E-002  2.018285480316277E+001  2.042873384930294E+001  8.217365733676347E-001  8.065923141069562E-001  4.895065976074291E-002 -1.152271019418938E-002  3.584694804489752E-003
GCT 0  4.874976855995704E-002  5.089395030572392E-002  4.813503182977556E-002  4.804444612397742E-002  1.722130009824855E+001  1.722130009824855E+001  8.217365733676347E-001  8.065923141069562E-001  5.806762522544408E-002 -1.366871431738892E-002  3.645535215922258E-003
GCT -1  3.148971536710739E-002  4.204739548994534E-002  3.501979863352041E-002  3.118443523461144E-002  2.811402406740694E+001  2.852942354852150E+001  8.217365733676347E-001  8.065923141069562E-001  3.505153191403420E-002 -8.067833092288534E-003  4.200736412865780E-003
AAG -1  1.106751502442268E-002  2.791158689731784E-002  1.743982657241699E-002  1.235857574807855E-002  7.702629096813558E+001  1.343175979476665E+002  8.217365733676347E-001  8.065923141069562E-001  7.445040823240639E-003 -1.751556107100691E-003  6.665091031938603E-003
CCA 1  5.138489118481958E-003  6.868151051245328E-003  5.663429390190516E-003  5.170662258596082E-003  1.621010073840052E+002  1.808280995278180E+002  8.217365733676347E-001  8.065923141069562E-001  5.530113973498699E-003 -1.300652045177233E-003  9.412003302746164E-004
GCT -1  2.766878756105670E-003  1.381271618013520E-002  8.224649526081153E-003  5.543147032562971E-003  3.122115562507066E+002  5.776576379301905E+002  8.217365733676347E-001  8.065923141069562E-001  1.731129191995293E-003 -3.515886438947395E-004  4.163606484462418E-003
AAG -1  1.054049049945017E-003  3.409530205350078E-002  2.598192975191602E-002  1.981396217772236E-002  8.988128602384553E+002  2.800293746110562E+003  8.217365733676347E-001  8.065923141069562E-001  3.571053934570041E-004  4.827449492862170E-003  1.462940729140319E-002
CCA 1  6.456050430913229E-003  2.613559185814246E-002  1.592254262045797E-002  1.380540062044635E-002  1.386780933551786E+002  6.033818436356406E+002  8.217365733676347E-001  8.065923141069562E-001  1.657325308256809E-003  4.942083436518297E-003  7.205991875671239E-003
GCT 1  2.766878756105670E-003  1.265114601639912E-002  9.801170607298484E-003  8.535506837181800E-003  3.116222880803763E+002  5.860269211639126E+002  8.217365733676347E-001  8.065923141069562E-001  1.706406248391955E-003  3.096360934409906E-003  3.732739654379938E-003
GCT 1  1.976341968646907E-003  3.342919075812456E-002  2.693534970460786E-002  2.450854843258073E-002  4.787015714034658E+002  1.857083321556634E+003  8.217365733676347E-001  8.065923141069562E-001  5.384788008121174E-004  1.578765591851285E-002  8.182413713255763E-003
AAG 1  3.820927806050687E-003  2.415985962472510E-002  1.799903455150402E-002  1.722903351078037E-002  2.364065910081472E+002  9.531327689184765E+002  8.217365733676347E-001  8.065923141069562E-001  1.049171776073447E-003  1.202127893600509E-002  4.158582798701838E-003
TCC 1  2.081746873641409E-002  3.401790724006824E-002  1.821294862761776E-002  1.767056765981539E-002  4.237357129441848E+001  1.390767559176789E+002  8.217365733676347E-001  8.065923141069562E-001  7.190274128855229E-003  7.415231460346852E-003  3.065062070613314E-003
ATT 1  6.877670050891237E-002  8.584926146275669E-002  6.699787866468276E-002  6.668732460366061E-002  1.368137555071876E+001  1.954985596134728E+001  8.217365733676347E-001  8.065923141069562E-001  5.115127200819974E-002  1.034858676117978E-002  5.187465834281091E-003
GTC 1  3.293903281078178E-002  7.453406337793642E-002  4.900497307637657E-002  4.678265677329330E-002  3.302420193430320E+001  3.217553204056593E+002  8.217365733676347E-001  8.065923141069562E-001  3.107951715419127E-003  5.095915772716175E-002 -7.284452669287581E-003
ACT 1  1.251683246809708E-002  1.445276635801881E-002  8.534431090489231E-003  8.243064366875200E-003  6.810594567889400E+001  2.368287820217789E+002  8.217365733676347E-001  8.065923141069562E-001  4.222459751146461E-003  4.632040187865779E-003 -6.114355721370396E-004
CTA 1  4.229371812904380E-002  5.056327597468366E-002  3.807000633789095E-002  3.751067064353293E-002  2.171735478092469E+001  4.056270521030530E+001  8.217365733676347E-001  8.065923141069562E-001  2.465318806562096E-002  1.492580891836065E-002 -2.068326340448678E-003
GAT 0  1.079082714881211E-001  1.095685763202461E-001  1.128748651588983E-001  1.126092256501460E-001  8.408628096747865E+000  8.408628096747865E+000  8.217365733676347E-001  8.066729733383670E-001  1.189254642367596E-001 -8.386267759243893E-003  2.070029172630328E-003
GTC 0  5.876323453443470E-002  5.979157854741250E-002  5.699442590618551E-002  5.847519430461412E-002  1.405331474710377E+001  1.405331474710377E+001  8.217365733676347E-001  8.066729733383670E-001  7.115758936560423E-002 -1.673061824956268E-002  4.048223188572564E-003
AAG 0  3.122620310462113E-002  3.228315703893537E-002  3.149155060223392E-002  3.117573303031761E-002  2.633198148524104E+001  2.633198148524104E+001  8.217365733676347E-001  8.066729733383670E-001  3.797663311287438E-002 -8.939391626541143E-003  2.138491543984378E-003
CCA 0  8.221582589571133E-002  7.968485625575242E-002  8.028326972242648E-002  8.070855708025568E-002  1.016383176645357E+001  1.016383176645357E+001  8.217365733676347E-001  8.066729733383670E-001  9.838809053299855E-002 -2.313370158955563E-002  5.454168136812765E-003
TGG 0  4.954030534741580E-002  4.785185866932702E-002  4.770076896760744E-002  4.846888898020886E-002  1.692644639769486E+001  1.692644639769486E+001  8.218187470249715E-001  8.066729733383670E-001  5.907914611871430E-002 -1.388587365817601E-002  3.275616519670566E-003
GAT 1  3.570591156688745E-002  3.381710550504720E-002  3.274513667846590E-002  3.284837906265993E-002  2.509509031972314E+001  2.578908975382488E+001  8.218187470249715E-001  8.066729733383670E-001  3.877608746744100E-002 -7.825911393932072E-003  1.898202989150999E-003
GAT 1  6.983074955885737E-002  6.606459721290488E-002  6.396971554938030E-002  6.520886811280487E-002  1.241971399578111E+001  1.272821939345082E+001  8.218187470249715E-001  8.066729733383670E-001  7.856558479142341E-002 -1.747948809077221E-002  4.122771412153670E-003
GAA 0  1.251683246809708E-001  1.282491963970887E-001  1.224974379083111E-001  1.261358851871213E-001  6.568870946369662E+000  6.568870946369662E+000  8.218187470249715E-001  8.066729733383670E-001  1.522331627709413E-001 -3.583476691114162E-002  9.737489327321658E-003
ACC 0  1.475668669923024E-002  1.497510097045053E-002  1.455655941440256E-002  1.459530996810367E-002  5.648507013287214E+001  5.648507013287214E+001  8.218187470249715E-001  8.066729733383670E-001  1.770379319079642E-002 -4.165031509386186E-003  1.056548286693437E-003
AAT 0  4.519235301639261E-002  4.319006861485365E-002  4.231732191065106E-002  4.284852542659680E-002  1.964514922544210E+001  1.964514922544210E+001  8.218187470249715E-001  8.066729733383670E-001  5.090315113030126E-002 -1.100690463695381E-002  2.952278933249342E-003
TTG 0  4.650991432882388E-002  4.676851300728021E-002  4.491492505495420E-002  4.605546279155941E-002  1.791541717314538E+001  1.791541717314538E+001  8.218187470249715E-001  8.065923141069562E-001  5.581784617881895E-002 -1.312768289881860E-002  3.365299511559061E-003
GAA 1  3.030391018591924E-003  3.938680158345518E-003  2.982984875528568E-003  2.895345681878948E-003  2.897411709670445E+002  3.933947521560157E+002  8.218187470249715E-001  8.065923141069562E-001  2.541975952956820E-003  9.926698373181712E-005  2.541027451903113E-004
GAA -1  9.222929187018900E-004  6.040639972167744E-003  4.801055965189478E-003  5.548432520734944E-003  9.532990963279860E+002  1.220666626901837E+003  8.218187470249715E-001  8.065923141069562E-001  8.192244941914163E-004  4.102587064963555E-004  4.318949320047172E-003
ATG 0  1.080400276193642E-002  1.129195346753434E-002  1.104219445843313E-002  1.130140452024554E-002  7.706734664790547E+001  7.706734664790547E+001  8.218187470249715E-001  8.065923141069562E-001  1.297566405871815E-002 -2.901247149029951E-003  1.226987610557340E-003
GTT 0  1.370263764928522E-002  1.405112377994058E-002  1.362244483223980E-002  1.405096360894993E-002  6.133833433336067E+001  6.133833433336067E+001  8.218187470249715E-001  8.065923141069562E-001  1.630301850984761E-002 -3.514307207153552E-003  1.262252306255873E-003
GCT 0  5.625986804081529E-002  5.605463321306180E-002  5.412087892960142E-002  5.559173033673723E-002  1.534603888114635E+001  1.534603888114635E+001  8.218187470249715E-001  8.065923141069562E-001  6.516339543675784E-002 -1.413653939774928E-002  4.564874297728672E-003
AAC 0  3.662820448558934E-002  3.609729409319103E-002  3.549585364978174E-002  3.604187517858877E-002  2.302142394582579E+001  2.302142394582579E+001  8.218187470249715E-001  8.065923141069562E-001  4.343779960584578E-002 -9.967287232174216E-003  2.571362804917210E-003
GTC 1  1.317561312431271E-003  1.528243016369514E-002  1.294575039872146E-002  1.258116201804559E-002  7.498543611142961E+002  2.143353634382106E+003  8.218187470249715E-001  8.065923141069562E-001  4.665585668919650E-004  1.211071173863517E-002  3.891712518452883E-006
AAG 1  1.198980794312457E-002  1.465110793347388E-002  1.127515768026765E-002  1.137820308666329E-002  7.128513059757958E+001  9.648901537786510E+001  8.218187470249715E-001  8.065923141069562E-001  1.036387402321242E-002  4.849386068608297E-004  5.293904565900343E-004
GCC 0  6.179362555302662E-002  6.296971825999580E-002  6.095562024704454E-002  6.182549384517948E-002  1.330450733109163E+001  1.330450733109163E+001  8.217365733676347E-001  8.065923141069562E-001  7.516249757426761E-002 -1.768223567939115E-002  4.345231950303008E-003
ATC 1  1.198980794312457E-002  1.571469972154328E-002  1.118812556180618E-002  1.104420423612392E-002  7.608611145343895E+001  1.464038055249529E+002  8.217365733676347E-001  8.065923141069562E-001  6.830423542710171E-003  4.186299988550919E-003  2.748070486283116E-005
GAA 0  5.178015957854896E-002  5.157335585348649E-002  5.105997318912569E-002  5.154473556368869E-002  1.597138885267680E+001  1.597138885267680E+001  8.217365733676347E-001  8.065923141069562E-001  6.261196250521447E-002 -1.452307122161961E-002  3.455844280093823E-003
ATG 1  4.940854921617267E-002  6.278497863204786E-002  4.968974916422574E-002  4.842077631102423E-002  2.082825814777800E+001  2.997804961780623E+001  8.217365733676347E-001  8.065923141069562E-001  3.335774050510692E-002  2.004081144169870E-002 -4.977775635781390E-003
GAA 1  1.001346597447766E-002  1.117009738488400E-002  8.413125586896459E-003  8.412528521369268E-003  8.533335819532925E+001  1.232152985401365E+002  8.217365733676347E-001  8.065923141069562E-001  8.115875316199122E-003  4.368139276783659E-004 -1.401607225082202E-004
GGT 0  1.660127253663402E-002  1.660049111537217E-002  1.667145501121162E-002  1.671781589121411E-002  5.004381816469773E+001  5.004381816469773E+001  8.217365733676347E-001  8.065923141069562E-001  1.998248808092400E-002 -4.264583872982952E-003  9.999116832730692E-004
TTG 0  3.689171674807560E-002  3.683735872644672E-002  3.669649551706825E-002  3.673270599182833E-002  2.294661940133138E+001  2.294661940133138E+001  8.217365733676347E-001  8.065923141069562E-001  4.357940411658107E-002 -8.918934836597392E-003  2.072236711844644E-003
ACC 0  1.989517581771220E-002  1.996586736638949E-002  1.944164240458913E-002  1.973396259267168E-002  4.199575578366559E+001  4.199575578366559E+001  8.217365733676347E-001  8.065923141069562E-001  2.381193007101336E-002 -5.326545789467535E-003  1.248578311125847E-003
TGG 0  1.234554949748101E-001  1.235046514171248E-001  1.195833319460508E-001  1.209941803058002E-001  6.797358438797020E+000  6.797358438797020E+000  8.217365733676347E-001  8.065923141069562E-001  1.471159729185883E-001 -3.425766019518717E-002  8.135867582399037E-003
GGT 0  2.450664041122165E-002  2.511487418952909E-002  2.452915214358068E-002  2.446755997736738E-002  3.408493114534949E+001  3.408493114534949E+001  8.217365733676347E-001  8.065923141069562E-001  2.933847792549931E-002 -6.898051900125102E-003  2.027133951993165E-003
GCT 1  1.054049049945017E-003  2.645923388978443E-003  3.019792339111668E-003  2.373882451451649E-003  8.401908403097033E+002  9.133558673856238E+002  8.217365733676347E-001  8.065923141069562E-001  1.094863498126295E-003  1.313779583545007E-003 -3.476063021965251E-005
CAC 0  6.680035854026546E-002  6.545222444046278E-002  6.457887843904593E-002  6.557876347209565E-002  1.270498690156789E+001  1.270498690156789E+001  8.216543997102980E-001  8.065923141069562E-001  7.870925076487820E-002 -1.731823421414103E-002  4.187746921358482E-003
CAA 0  4.874976855995704E-003  4.885488018174516E-003  4.827581399231698E-003  4.868752422180028E-003  1.702008906938690E+002  1.702008906938690E+002  8.216543997102980E-001  8.065923141069562E-001  5.875409910742741E-003 -1.339663641606620E-003  3.330061530439077E-004
TTT 0  1.408473042989029E-001  1.364270906998226E-001  1.332620931956718E-001  1.356072478859644E-001  6.094898240139814E+000  6.094898240139814E+000  8.216543997102980E-001  8.065923141069562E-001  1.640716482211622E-001 -3.735247507416994E-002  8.888074738972129E-003
ATC 0  2.226678618008849E-002  2.216134200692762E-002  2.173193949253743E-002  2.198811913329483E-002  3.745367873408655E+001  3.745367873408655E+001  8.216543997102980E-001  8.065923141069562E-001  2.669964697192485E-002 -6.243068385789724E-003  1.531540547159704E-003
CCA 0  6.719562693399485E-003  6.777917484831239E-003  6.570599116133449E-003  6.704697391645538E-003  1.251166307403523E+002  1.251166307403523E+002  8.216543997102980E-001  8.065923141069562E-001  7.992542590722775E-003 -1.797164523979627E-003  5.093193249023908E-004
ATT 1  1.791883384906529E-002  1.905637944576140E-002  1.851567625497104E-002  1.842034030423133E-002  4.613714084290923E+001  4.829990775102877E+001  8.216543997102980E-001  8.065923141069562E-001  2.070397329027404E-002 -4.872740079472124E-003  2.589107093429410E-003
GGT 0  1.040873436820704E-002  1.029646318918743E-002  1.021423947307021E-002  1.035960089904640E-002  8.027199035408762E+001  8.027199035408762E+001  8.216543997102980E-001  8.065923141069562E-001  1.245764550734200E-002 -2.884518062438668E-003  7.864734541430662E-004
TTC 1  1.541546735544587E-002  1.636051643104283E-002  1.534682404664692E-002  1.536901173355051E-002  5.686192467232850E+001  6.045437960709608E+001  8.216543997102980E-001  8.065923141069562E-001  1.654139876216050E-002 -2.695392783055681E-003  1.523005754445694E-003
GGT 1  1.238507633685395E-002  1.818169116651024E-002  1.243669359829218E-002  1.176106009514361E-002  7.464275642671220E+001  1.605002644861992E+002  8.216543997102980E-001  8.066729733383670E-001  6.230519327810740E-003  5.040944724119568E-003  4.895960432133029E-004
ATC 0  5.138489118481958E-002  5.311518634303360E-002  5.190349807652556E-002  5.336798201494269E-002  1.666099427917245E+001  1.666099427917245E+001  8.216543997102980E-001  8.066729733383670E-001  6.002042754735704E-002 -1.260340203844706E-002  5.950956506032723E-003
AAG 0  2.358434749251976E-002  2.336872597915723E-002  2.370528646291950E-002  2.359922572111561E-002  3.480948557520605E+001  3.480948557520605E+001  8.216543997102980E-001  8.066729733383670E-001  2.872780173207373E-002 -6.762338813907642E-003  1.633762802949523E-003
AAG 0  7.510099480858247E-003  7.866354833517050E-003  7.906857006693753E-003  7.875829024545143E-003  1.132798609968617E+002  1.132798609968617E+002  8.216543997102980E-001  8.066729733383670E-001  8.827694448068786E-003 -1.552641588870848E-003  6.007761653472055E-004
TTG 0  3.649644835434622E-002  3.729849979933202E-002  3.567002987790895E-002  3.617695836536587E-002  2.312641307587475E+001  2.312641307587475E+001  8.216543997102980E-001  8.066729733383670E-001  4.324060098378120E-002 -9.536161794894055E-003  2.472519176478727E-003
CAA 1  1.291210086182646E-002  1.436709460274128E-002  1.399282495287203E-002  1.387608187622752E-002  6.803860386059262E+001  7.223281757894343E+001  8.216543997102980E-001  8.066729733383670E-001  1.384412284495337E-002 -7.714586172912208E-004  8.034176485653688E-004
ATT 1  1.923639516149656E-002  2.066825195928083E-002  1.940246303613869E-002  1.993394295483699E-002  4.497539714879601E+001  4.701632219303944E+001  8.216543997102980E-001  8.066729733383670E-001  2.126920935870321E-002 -2.443279169317969E-003  1.108012765451749E-003
AAC 1  5.797269774697594E-003  2.102596028633401E-002  1.876680599980146E-002  1.676551590862320E-002  1.675855308971618E+002  7.243009939415264E+002  8.216543997102980E-001  8.066729733383670E-001  1.380641485189969E-003  1.878681753599639E-002 -3.401943112563161E-003
TGT 0  1.436141830550086E-002  1.449897858627836E-002  1.439413907149063E-002  1.452976324054369E-002  5.740950490132349E+001  5.740950490132349E+001  8.216543997102980E-001  8.066729733383670E-001  1.741871841115540E-002 -3.915610976450379E-003  1.026655805838661E-003
GTT 0  5.191191570979209E-002  5.196193856122207E-002  5.159966559801171E-002  5.223866664353310E-002  1.632483755199688E+001  1.632483755199688E+001  8.216543997102980E-001  8.066729733383670E-001  6.125635228006776E-002 -1.205160357551710E-002  3.033917938982444E-003
GTC 0  8.709080275170704E-002  8.636797914737818E-002  8.509533615404964E-002  8.522399401598568E-002  9.846119668906349E+000  9.846119668906349E+000  8.216543997102980E-001  8.066729733383670E-001  1.015628525375291E-001 -2.148572138665039E-002  5.146862865107016E-003
GAA 1  3.056742244840549E-002  3.732091706122560E-002  3.060188617778486E-002  3.019335067749895E-002  3.117159662692526E+001  4.115626443948032E+001  8.216543997102980E-001  8.066729733383670E-001  2.429763764081371E-002  8.636500627507815E-003 -2.740787590822580E-003
GAT 1  1.317561312431271E-004  7.715900931697541E-004  9.935612878966685E-004  8.700774999133138E-004  6.385531706559434E+003  6.552514107406213E+003  8.216543997102980E-001  8.066729733383670E-001  1.526131777220768E-004  1.006156431408540E-003 -2.886921092173033E-004
GAC 0  2.608771398613917E-002  2.586643892134253E-002  2.607094440460841E-002  2.630083340983288E-002  3.186883643491556E+001  3.186883643491556E+001  8.216543997102980E-001  8.066729733383670E-001  3.137861660064872E-002 -6.587656260929581E-003  1.509873070113743E-003
AAG 0  2.068571260517096E-002  2.043283627068960E-002  2.023722346329068E-002  2.057291897821217E-002  3.997904742894440E+001  3.997904742894440E+001  8.216543997102980E-001  8.066729733383670E-001  2.501310222003966E-002 -5.801204501955759E-003  1.361021260128270E-003
GTT 0  4.888152469120017E-002  4.790660865265237E-002  4.787210400173660E-002  4.805461316257806E-002  1.717540366366828E+001  1.717540366366828E+001  8.215722260529612E-001  8.065923141069562E-001  5.822279461852384E-002 -1.326863979656612E-002  3.100458340620338E-003
TCC 0  3.662820448558934E-002  3.614025327357799E-002  3.535915888617632E-002  3.606855967730788E-002  2.282603380362265E+001  2.282603380362265E+001  8.215722260529612E-001  8.065923141069562E-001  4.380962582475861E-002 -1.017320666514188E-002  2.432140517691139E-003
TTG 0  1.060636856507173E-001  1.029528626249188E-001  1.029737938227668E-001  1.045557555455712E-001  7.847032649118705E+000  7.847032649118705E+000  8.216543997102980E-001  8.065923141069562E-001  1.274367069330735E-001 -2.993727210919106E-002  7.056320721688714E-003
GAT 1  2.635122624862543E-003  3.083174575004424E-003  2.205013711250042E-003  2.231534954225337E-003  3.306352340715226E+002  4.914333073870340E+002  8.216543997102980E-001  8.065923141069562E-001  2.034864110690890E-003  2.610234476713852E-004 -6.435260413693855E-005
GAC 0  2.015868808019845E-002  1.981346635154392E-002  1.970799517178013E-002  1.999252264538567E-002  4.193952380835729E+001  4.193952380835729E+001  8.216543997102980E-001  8.065923141069562E-001  2.384385680127179E-002 -5.014060917175933E-003  1.162726761289812E-003
TTG 0  3.030391018591924E-002  3.041069566685025E-002  2.997046817204884E-002  3.026404355716646E-002  2.709529702615302E+001  2.709529702615302E+001  8.216543997102980E-001  8.065923141069562E-001  3.690677385949217E-002 -8.687550416282053E-003  2.044820113956347E-003
CAA 0  9.815831777612972E-002  9.693938960181105E-002  9.527998174509085E-002  9.741149859103709E-002  8.418493167238299E+000  8.418493167238299E+000  8.216543997102980E-001  8.065923141069562E-001  1.187861034195092E-001 -2.795486800965408E-002  6.580263181181989E-003
CAA 0  1.488844283047337E-002  1.459778208929817E-002  1.438962063248897E-002  1.455596968340006E-002  5.645724222881898E+001  5.645724222881898E+001  8.216543997102980E-001  8.065923141069562E-001  1.771251943102427E-002 -4.126149647051394E-003  9.695998994271871E-004
AGC 0  7.905367874587628E-003  7.876900484059672E-003  7.681642076691474E-003  7.867460724003713E-003  1.042438460772012E+002  1.042438460772012E+002  8.216543997102980E-001  8.065923141069562E-001  9.592892411696101E-003 -2.256499691887501E-003  5.310680041951121E-004
ATT 0  4.743220724752577E-003  4.714635916481384E-003  4.643153302769876E-003  4.706722628049106E-003  1.743262021929503E+002  1.743262021929503E+002  8.216543997102980E-001  8.065923141069562E-001  5.736372314777815E-003 -1.346418986843040E-003  3.167693001143307E-004
GAA 0  1.515195509295962E-002  1.496732910243507E-002  1.462937134131123E-002  1.487014235778168E-002  5.527400725895821E+001  5.527400725895821E+001  8.216543997102980E-001  8.065923141069562E-001  1.809168630229774E-002 -4.210678483279259E-003  9.891345387632033E-004
GAA 0  1.278034473058333E-002  1.325583947201314E-002  1.261460827999297E-002  1.270279175245393E-002  6.855489842787188E+001  6.855489842787188E+001  8.216543997102980E-001  8.065923141069562E-001  1.458684970632875E-002 -2.371708287742011E-003  4.876503338671900E-004
GAC 0  1.093575889317955E-002  1.098500445418692E-002  1.088485112385476E-002  1.093281857980405E-002  7.721874964383110E+001  7.721874964383110E+001  8.216543997102980E-001  8.065923141069562E-001  1.295022264168309E-002 -2.597717432909194E-003  5.803133710301500E-004
GAA 0  4.545586527887886E-002  4.480778707537991E-002  4.391726660751211E-002  4.432146259773077E-002  1.884667190738905E+001  1.884667190738905E+001  8.216543997102980E-001  8.065923141069562E-001  5.305976593182686E-002 -1.131054803317855E-002  2.572244699082460E-003
GAC 0  2.213503004884536E-002  2.215608577931946E-002  2.163427928688309E-002  2.188850148296650E-002  3.756933456686990E+001  3.756933456686990E+001  8.216543997102980E-001  8.065923141069562E-001  2.661745307785779E-002 -6.175570198423241E-003  1.446618603531957E-003
CAC 0  2.635122624862543E-004  2.622987812039652E-004  2.599201546520964E-004  2.632177255641940E-004  3.115388929765718E+003  3.115388929765718E+003  8.216543997102980E-001  8.065923141069562E-001  3.209872097976549E-004 -7.555192560153756E-005  1.778244136807668E-005
GTC 0  5.797269774697594E-003  5.835819181287245E-003  5.665583669338709E-003  5.774673871354792E-003  1.443887720837547E+002  1.443887720837547E+002  8.216543997102980E-001  8.065923141069562E-001  6.925746272154293E-003 -1.491035119835581E-003  3.399627190360799E-004
CAA 0  2.055395647392783E-002  2.080228068230455E-002  2.017159222820770E-002  2.050896289552289E-002  3.998510859411591E+001  3.998510859411591E+001  8.216543997102980E-001  8.066729733383670E-001  2.500931059487374E-002 -5.885527261813212E-003  1.385179562462369E-003
TCT 0  3.425659412321306E-003  3.426065511379374E-003  3.332625967355116E-003  3.403173829283557E-003  2.418202687077452E+002  2.418202687077452E+002  8.216543997102980E-001  8.066729733383670E-001  4.135302658225735E-003 -9.556577411415912E-004  2.235289121994138E-004
ACC 0  6.324294299670102E-003  6.298795292021168E-003  6.173278637609591E-003  6.318127739067306E-003  1.297870754610777E+002  1.297870754610777E+002  8.216543997102980E-001  8.066729733383670E-001  7.704927447108502E-003 -1.813696667825736E-003  4.268969597845396E-004
GAT 0  1.739180932409278E-002  1.733288847059403E-002  1.718470792310466E-002  1.737485128243487E-002  4.719530016766462E+001  4.719530016766462E+001  8.216543997102980E-001  8.066729733383670E-001  2.118855047954838E-002 -4.987665836520841E-003  1.173966639407331E-003
ATT 0  5.481055059714089E-002  5.671045254181857E-002  5.401041228391745E-002  5.475710707191579E-002  1.497543178397050E+001  1.497543178397050E+001  8.216543997102980E-001  8.066729733383670E-001  6.677603787494037E-002 -1.571870445448981E-002  3.699773651465232E-003
GCT 0  2.305732296754725E-002  2.291028326275501E-002  2.243036647862816E-002  2.303484071535080E-002  3.559874069789560E+001  3.559874069789560E+001  8.216543997102980E-001  8.066729733383670E-001  2.809088131758308E-002 -6.612435768114738E-003  1.556395165882463E-003
GCT 0  3.544239930440120E-002  3.582045393144679E-002  3.465265244153150E-002  3.540784087101954E-002  2.315903205253431E+001  2.315903205253431E+001  8.215722260529612E-001  8.066729733383670E-001  4.317969756817057E-002 -1.016425840927343E-002  2.392401712122405E-003
ATG 0  1.080400276193642E-002  1.078100487007366E-002  1.060842622749905E-002  1.079346822090658E-002  7.597292222111867E+001  7.597292222111867E+001  8.215722260529612E-001  8.066729733383670E-001  1.316258438881036E-002 -3.098398474202319E-003  7.292823062985399E-004
CAA 0  1.317561312431271E-004  1.334670508766483E-004  1.307009532991610E-004  1.316276612305656E-004  6.229779622131729E+003  6.229779622131729E+003  8.215722260529612E-001  8.066729733383670E-001  1.605193218147605E-004 -3.778534724636928E-005  8.893686662174438E-006
AAA 0  1.607424801166151E-002  1.623722953319927E-002  1.564201376436212E-002  1.605857467012765E-002  5.106376739452237E+001  5.106376739452237E+001  8.215722260529612E-001  8.066729733383670E-001  1.958335726140078E-002 -4.609812364057095E-003  1.085029772783963E-003
TTA 0  1.054049049945017E-003  1.039275762627125E-003  1.034708894707098E-003  1.053021289844379E-003  7.787224527664662E+002  7.787224527664662E+002  8.215722260529612E-001  8.066729733383670E-001  1.284154574518084E-003 -3.022827779709508E-004  7.114949329724632E-005
TAA 0  7.641855612101373E-003  7.564274858961226E-003  7.553390950767725E-003  7.634404351372507E-003  1.074099934850298E+002  1.074099934850298E+002  8.215722260529612E-001  8.066729733383670E-001  9.310120665256107E-003 -2.191550140289454E-003  5.158338264058537E-004
